point J4 [(64.99157, -166.21616)]
point J3 [(64.96213, -166.22096)]
point J2 [(64.98904, -166.21966)]
point J1 [(64.97308, -166.27434)]
point J5 [(64.97644, -166.30580)]
2017 doy [154, 166, 178, 190, 202, 214, 226, 238, 250, 262]
2018 doy [161, 173, 197, 209, 221, 233, 245, 257, 269]
2019 doy [156, 168, 180, 192, 204, 216, 228, 240, 252]
2017 J1 [0.         0.00997106 0.01780032 0.03218459 0.05117263 0.05350839 0.05604301 0.06525291 0.06812904 0.08536079]
2017 J2 [0.         0.0023323  0.0087052  0.01811787 0.02588284 0.02889847 0.0256803  0.02978935 0.0356676  0.03326893]
2017 J3 [0.         0.0025178  0.00464058 0.01470009 0.02584533 0.01976421 0.01696369 0.01920805 0.01815342 0.02332907]
2017 J4 [0.         -0.00304763  0.00036764  0.00754824  0.01662569  0.02546448 0.02391734  0.02450196  0.03277475  0.0307782 ]
2017 J5 [0.         0.00606616 0.0085659  0.01809947 0.03566433 0.03665202 0.04974686 0.05736145 0.06362108 0.06394837]
2018 J1 [0.         0.00857722 0.02269616 0.04042182 0.04725972 0.05209604 0.07845331 0.09819208 0.11635131]
2018 J2 [0.         -0.00053947  0.0078368   0.01516341  0.01717497  0.01949505 0.03157032  0.04318441  0.05475475]
2018 J3 [0.         0.00941768 0.00981808 0.01609743 0.0179477  0.0184816 0.01801527 0.02155711 0.02859484]
2018 J4 [0.         -0.00266848  0.00446119  0.00760591  0.0091828   0.0137225 0.0295185   0.03300336  0.04465599]
2018 J5 [0.         0.00888024 0.01169069 0.02062596 0.02880157 0.03077626 0.04659701 0.05587076 0.06771709]
2019 J1 [0.         0.01644693 0.0351367  0.0456427  0.06124517 0.0560687 0.07381503 0.10183192 0.10224514]
2019 J2 [0.         0.00859082 0.01937715 0.0269025  0.02783212 0.03146369 0.05218511 0.06416816 0.08056787]
2019 J3 [0.         0.00091586 0.00479528 0.01073239 0.01647788 0.01296704 0.01395621 0.01967932 0.03452548]
2019 J4 [0.         0.01136287 0.00984815 0.02132066 0.0196698  0.03434197 0.04355571 0.05799384 0.06933755]
2019 J5 [0.         0.00504936 0.02028399 0.03118135 0.03616677 0.03769657 0.05319482 0.07283197 0.0941993 ]

